68
253
240
158
167
91
184
29
160
29
55
54
152
49
251
198
25
0
42
143
211
173
114
89
33
11
38
81
133
218
126
88
192
206
178
174
80
110
188
231
118
69
78
230
22
110
138
179
21
117
89
236
251
172
80
69
244
94
166
96
213
71
81
240
230
190
73
25
196
224
43
238
0
187
252
107
53
143
148
65
147
197
186
70
157
228
154
225
126
36
73
40
149
216
14
6
24
59
19
32
238
57
181
160
93
159
49
19
133
25
219
221
3
3
129
223
89
173
147
169
175
103
225
253
145
180
62
93
102
236
52
245
101
74
248
251
253
126
42
102
230
30
70
119
134
109
30
235
32
203
